95,140,136,160
95,140,136,160
95,140,136,160
95,140,136,160
95,140,136,160
95,143,132,161
95,143,132,161
95,143,132,161
95,143,132,161
95,143,132,161
96,139,134,161
96,139,134,161
96,139,134,161
96,139,134,161
96,139,134,161
97,140,132,160
97,140,132,160
97,140,132,160
97,140,132,160
97,140,132,160
98,143,131,162
98,143,131,162
98,143,131,162
98,143,131,162
98,143,131,162
98,144,133,162
98,144,133,162
98,144,133,162
98,144,133,162
98,144,133,162
98,142,132,161
98,142,132,161
98,142,132,161
98,142,132,161
98,142,132,161
96,143,130,163
96,143,130,163
96,143,130,163
96,143,130,163
96,143,130,163
96,144,127,162
96,144,127,162
96,144,127,162
96,144,127,162
96,144,127,162
94,145,129,163
94,145,129,163
94,145,129,163
94,145,129,163
94,145,129,163
97,145,130,163
97,145,130,163
97,145,130,163
97,145,130,163
97,145,130,163
97,146,130,163
97,146,130,163
97,146,130,163
97,146,130,163
97,146,130,163
98,143,128,161
98,143,128,161
98,143,128,161
98,143,128,161
98,143,128,161
93,133,131,160
93,133,131,160
93,133,131,160
93,133,131,160
93,133,131,160
102,125,138,152
102,125,138,152
102,125,138,152
102,125,138,152
102,125,138,152
106,114,143,142
106,114,143,142
106,114,143,142
106,114,143,142
106,114,143,142
110,102,145,130
110,102,145,130
110,102,145,130
110,102,145,130
110,102,145,130
115,89,149,119
115,89,149,119
115,89,149,119
115,89,149,119
115,89,149,119
121,76,153,105
121,76,153,105
121,76,153,105
121,76,153,105
121,76,153,105
123,64,157,94
123,64,157,94
123,64,157,94
123,64,157,94
123,64,157,94
127,54,161,85
127,54,161,85
127,54,161,85
127,54,161,85
127,54,161,85
131,47,170,79
131,47,170,79
131,47,170,79
131,47,170,79
131,47,170,79
137,44,174,75
137,44,174,75
137,44,174,75
137,44,174,75
137,44,174,75
144,45,178,71
144,45,178,71
144,45,178,71
144,45,178,71
144,45,178,71
143,39,181,70
143,39,181,70
143,39,181,70
143,39,181,70
143,39,181,70
140,33,175,64
140,33,175,64
140,33,175,64
140,33,175,64
140,33,175,64
134,23,172,56
134,23,172,56
134,23,172,56
134,23,172,56
134,23,172,56
131,20,168,53
131,20,168,53
131,20,168,53
131,20,168,53
131,20,168,53
130,20,165,50
130,20,165,50
130,20,165,50
130,20,165,50
130,20,165,50
131,22,166,52
131,22,166,52
131,22,166,52
131,22,166,52
131,22,166,52
131,22,169,53
131,22,169,53
131,22,169,53
131,22,169,53
131,22,169,53
134,27,170,56
134,27,170,56
134,27,170,56
134,27,170,56
134,27,170,56
134,36,168,63
134,36,168,63
134,36,168,63
134,36,168,63
134,36,168,63
130,49,164,76
130,49,164,76
130,49,164,76
130,49,164,76
130,49,164,76
129,59,166,90
129,59,166,90
129,59,166,90
129,59,166,90
129,59,166,90
130,67,165,94
130,67,165,94
130,67,165,94
130,67,165,94
130,67,165,94
129,73,165,103
129,73,165,103
129,73,165,103
129,73,165,103
129,73,165,103
128,75,164,103
128,75,164,103
128,75,164,103
128,75,164,103
128,75,164,103
129,76,165,104
129,76,165,104
129,76,165,104
129,76,165,104
129,76,165,104
129,77,162,102
129,77,162,102
129,77,162,102
129,77,162,102
129,77,162,102
129,75,161,101
129,75,161,101
129,75,161,101
129,75,161,101
129,75,161,101
126,73,158,99
126,73,158,99
126,73,158,99
126,73,158,99
126,73,158,99
129,73,162,100
129,73,162,100
129,73,162,100
129,73,162,100
129,73,162,100
132,75,163,101
132,75,163,101
132,75,163,101
132,75,163,101
132,75,163,101
134,79,166,105
134,79,166,105
134,79,166,105
134,79,166,105
134,79,166,105
136,78,169,105
136,78,169,105
136,78,169,105
136,78,169,105
136,78,169,105
142,77,173,103
142,77,173,103
142,77,173,103
142,77,173,103
142,77,173,103
147,73,179,99
147,73,179,99
147,73,179,99
147,73,179,99
147,73,179,99
151,73,182,99
151,73,182,99
151,73,182,99
151,73,182,99
151,73,182,99
149,72,184,100
149,72,184,100
149,72,184,100
149,72,184,100
149,72,184,100
148,74,178,98
148,74,178,98
148,74,178,98
148,74,178,98
148,74,178,98
146,75,178,98
146,75,178,98
146,75,178,98
146,75,178,98
146,75,178,98
151,77,181,99
151,77,181,99
151,77,181,99
151,77,181,99
151,77,181,99
154,77,183,99
154,77,183,99
154,77,183,99
154,77,183,99
154,77,183,99
154,79,184,101
154,79,184,101
154,79,184,101
154,79,184,101
154,79,184,101
154,80,185,104
154,80,185,104
154,80,185,104
154,80,185,104
154,80,185,104
155,82,184,103
155,82,184,103
155,82,184,103
155,82,184,103
155,82,184,103
155,82,187,107
155,82,187,107
155,82,187,107
155,82,187,107
155,82,187,107
158,81,190,106
158,81,190,106
158,81,190,106
158,81,190,106
158,81,190,106
157,83,188,107
157,83,188,107
157,83,188,107
157,83,188,107
157,83,188,107
157,82,189,107
157,82,189,107
157,82,189,107
157,82,189,107
157,82,189,107
156,80,189,106
156,80,189,106
156,80,189,106
156,80,189,106
156,80,189,106
156,80,189,104
156,80,189,104
156,80,189,104
156,80,189,104
156,80,189,104
156,79,190,105
156,79,190,105
156,79,190,105
156,79,190,105
156,79,190,105
161,79,190,103
161,79,190,103
161,79,190,103
161,79,190,103
161,79,190,103
160,79,191,104
160,79,191,104
160,79,191,104
160,79,191,104
160,79,191,104
160,79,191,103
160,79,191,103
160,79,191,103
160,79,191,103
160,79,191,103
159,78,192,104
159,78,192,104
159,78,192,104
159,78,192,104
159,78,192,104
159,79,188,103
159,79,188,103
159,79,188,103
159,79,188,103
159,79,188,103
157,75,189,101
157,75,189,101
157,75,189,101
157,75,189,101
157,75,189,101
152,75,184,101
152,75,184,101
152,75,184,101
152,75,184,101
152,75,184,101
151,78,181,102
151,78,181,102
151,78,181,102
151,78,181,102
151,78,181,102
150,78,181,104
150,78,181,104
150,78,181,104
150,78,181,104
150,78,181,104
145,78,178,106
145,78,178,106
145,78,178,106
145,78,178,106
145,78,178,106
145,79,176,104
145,79,176,104
145,79,176,104
145,79,176,104
145,79,176,104
145,77,176,102
145,77,176,102
145,77,176,102
145,77,176,102
145,77,176,102
145,78,177,104
145,78,177,104
145,78,177,104
145,78,177,104
145,78,177,104
145,78,177,104
145,78,177,104
145,78,177,104
145,78,177,104
145,78,177,104
145,78,177,104
145,78,177,104
145,78,177,104
145,78,177,104
145,78,177,104
148,79,180,107
148,79,180,107
148,79,180,107
148,79,180,107
148,79,180,107
148,79,180,107
148,79,180,107
148,79,180,107
148,79,180,107
148,79,180,107
148,79,180,107
148,79,180,107
148,79,180,107
148,79,180,107
148,79,180,107
148,79,180,107
148,79,180,107
148,79,180,107
148,79,180,107
148,79,180,107
148,79,180,107
148,79,180,107
148,79,180,107
148,79,180,107
148,79,180,107
148,79,180,107
148,79,180,107
148,79,180,107
148,79,180,107
148,79,180,107
148,79,180,107
148,79,180,107
148,79,180,107
148,79,180,107
148,79,180,107
148,79,180,107
148,79,180,107
148,79,180,107
148,79,180,107
148,79,180,107
149,78,181,106
149,78,181,106
149,78,181,106
149,78,181,106
149,78,181,106
147,76,179,104
147,76,179,104
147,76,179,104
147,76,179,104
147,76,179,104
145,72,177,98
145,72,177,98
145,72,177,98
145,72,177,98
145,72,177,98
142,68,173,92
142,68,173,92
142,68,173,92
142,68,173,92
142,68,173,92
137,67,168,91
137,67,168,91
137,67,168,91
137,67,168,91
137,67,168,91
135,66,166,90
135,66,166,90
135,66,166,90
135,66,166,90
135,66,166,90
135,64,167,90
135,64,167,90
135,64,167,90
135,64,167,90
135,64,167,90
135,64,167,90
135,64,167,90
135,64,167,90
135,64,167,90
135,64,167,90
134,61,165,86
134,61,165,86
134,61,165,86
134,61,165,86
134,61,165,86
133,60,164,85
133,60,164,85
133,60,164,85
133,60,164,85
133,60,164,85
133,60,164,85
133,60,164,85
133,60,164,85
133,60,164,85
133,60,164,85
133,62,164,85
133,62,164,85
133,62,164,85
133,62,164,85
133,62,164,85
133,60,164,83
133,60,164,83
133,60,164,83
133,60,164,83
133,60,164,83
133,60,164,83
133,60,164,83
133,60,164,83
133,60,164,83
133,60,164,83
131,58,163,84
131,58,163,84
131,58,163,84
131,58,163,84
131,58,163,84
133,61,165,87
133,61,165,87
133,61,165,87
133,61,165,87
133,61,165,87
132,69,164,95
132,69,164,95
132,69,164,95
132,69,164,95
132,69,164,95
125,84,160,112
125,84,160,112
125,84,160,112
125,84,160,112
125,84,160,112
120,106,155,136
120,106,155,136
120,106,155,136
120,106,155,136
120,106,155,136
116,127,148,154
116,127,148,154
116,127,148,154
116,127,148,154
116,127,148,154
115,137,147,164
115,137,147,164
115,137,147,164
115,137,147,164
115,137,147,164
116,138,148,165
116,138,148,165
116,138,148,165
116,138,148,165
116,138,148,165
119,138,150,163
119,138,150,163
119,138,150,163
119,138,150,163
119,138,150,163
121,136,152,161
121,136,152,161
121,136,152,161
121,136,152,161
121,136,152,161
120,135,151,160
120,135,151,160
120,135,151,160
120,135,151,160
120,135,151,160
122,133,153,158
122,133,153,158
122,133,153,158
122,133,153,158
122,133,153,158
122,133,153,158
122,133,153,158
122,133,153,158
122,133,153,158
122,133,153,158
122,131,153,156
122,131,153,156
122,131,153,156
122,131,153,156
122,131,153,156
122,128,155,154
122,128,155,154
122,128,155,154
122,128,155,154
122,128,155,154
119,130,152,156
119,130,152,156
119,130,152,156
119,130,152,156
119,130,152,156
122,131,155,157
122,131,155,157
122,131,155,157
122,131,155,157
122,131,155,157
124,130,157,156
124,130,157,156
124,130,157,156
